Steps: 3600	Loss: 128781.78125	PPL: 44.81640	chrf: 0.08879	LR: 0.00010000	*
Steps: 7200	Loss: 121592.08594	PPL: 36.24429	chrf: 0.10767	LR: 0.00010000	*
Steps: 10800	Loss: 116524.07812	PPL: 31.20685	chrf: 0.11039	LR: 0.00010000	*
