Steps: 1000	Loss: 169659.32812	PPL: 50.28397	bleu: 1.51276	LR: 0.00010000	*
Steps: 2000	Loss: 150159.34375	PPL: 32.05338	bleu: 3.34427	LR: 0.00010000	*
Steps: 3000	Loss: 138215.28125	PPL: 24.32723	bleu: 4.75001	LR: 0.00010000	*
