Steps: 10	Loss: 130933.95312	PPL: 710.80402	bleu: 0.00889	LR: 0.00500000	*
Steps: 20	Loss: 126538.73438	PPL: 570.19275	bleu: 0.00456	LR: 0.00500000	*
Steps: 30	Loss: 130196.15625	PPL: 684.98438	bleu: 0.00456	LR: 0.00500000	
